a 0 0 11
b 0.06707317 0 12
c 0.1402439 0 11
d 0.2073171 0 11
e 0.2743903 0 12
f 0.347561 0 8
g 0.3963415 0 11
h 0.4634146 0 11
i 0.5304878 0 4
j 0.5548781 0 6
k 0.5914634 0 12
l 0.6646342 0 4
m 0.6890244 0 17
n 0.7926829 0 11
o 0.8597561 0 12
p 0 0.1463415 12
q 0.07317073 0.1463415 11
r 0.1402439 0.1463415 8
s 0.1890244 0.1463415 11
t 0.2560976 0.1463415 8
u 0.3048781 0.1463415 11
v 0.3719512 0.1463415 12
w 0.4451219 0.1463415 17
x 0.5487805 0.1463415 12
y 0.6219512 0.1463415 12
z 0.6951219 0.1463415 12
A 0.7682927 0.1463415 16
B 0 0.2926829 13
C 0.07926829 0.2926829 15
D 0.1707317 0.2926829 14
E 0.2560976 0.2926829 13
F 0.3353659 0.2926829 12
G 0.4085366 0.2926829 16
H 0.5060976 0.2926829 14
I 0.5914634 0.2926829 4
J 0.6158537 0.2926829 11
K 0.6829268 0.2926829 14
L 0.7682927 0.2926829 11
M 0.8353658 0.2926829 16
N 0 0.4390244 14
O 0.08536585 0.4390244 16
P 0.1829268 0.4390244 13
Q 0.2621951 0.4390244 17
R 0.3658537 0.4390244 14
S 0.4512195 0.4390244 14
T 0.5365854 0.4390244 14
U 0.6219512 0.4390244 14
V 0.7073171 0.4390244 16
W 0.8048781 0.4390244 22
X 0 0.5853658 16
Y 0.09756097 0.5853658 16
Z 0.1951219 0.5853658 14
1 0.2804878 0.5853658 8
2 0.3292683 0.5853658 12
3 0.402439 0.5853658 12
4 0.4756097 0.5853658 13
5 0.5548781 0.5853658 12
6 0.6280488 0.5853658 12
7 0.7012195 0.5853658 12
8 0.7743902 0.5853658 12
9 0.847561 0.5853658 12
0 0 0.7317073 12
+ 0.07317073 0.7317073 12
/ 0.1463415 0.7317073 8
* 0.1951219 0.7317073 9
\ 0.25 0.7317073 8
= 0.2987805 0.7317073 12
, 0.3719512 0.7317073 4
. 0.3963415 0.7317073 4
- 0.4207317 0.7317073 7
; 0.4634146 0.7317073 4
: 0.4878049 0.7317073 4
_ 0.5121951 0.7317073 14
! 0.597561 0.7317073 4
" 0.6219512 0.7317073 8
# 0.6707317 0.7317073 14
% 0.7560976 0.7317073 18
& 0 0.8780488 14
? 0.08536585 0.8780488 12
/ 0.1585366 0.8780488 8
( 0.2073171 0.8780488 7
) 0.25 0.8780488 7
[ 0.2926829 0.8780488 7
] 0.3353659 0.8780488 6
{ 0.3719512 0.8780488 9
} 0.4268293 0.8780488 9
@ 0.4817073 0.8780488 21
? 0.6097561 0.8780488 13
$ 0.6890244 0.8780488 12
^ 0.7621951 0.8780488 10
~ 0.8231707 0.8780488 12
| 0 1.02439 4
