32  0  0  16  56
65  0.03125  0  36  42
97  0.1015625  0  21  42
66  0.1425781  0  30  42
98  0.2011719  0  24  43
67  0.2480469  0  30  43
99  0.3066406  0  20  43
68  0.3457031  0  34  42
100  0.4121094  0  24  43
69  0.4589844  0  29  42
101  0.515625  0  20  43
70  0.5546875  0  26  42
102  0.6054688  0  21  42
71  0.6464844  0  34  43
103  0.7128906  0  24  52
72  0.7597656  0  35  42
104  0.828125  0  26  42
73  0.8789063  0  16  42
105  0.9101563  0  13  42
74  0  0.109375  20  43
106  0.0390625  0.109375  15  52
75  0.06835938  0.109375  36  42
107  0.1386719  0.109375  26  42
76  0.1894531  0.109375  29  42
108  0.2460938  0.109375  12  42
77  0.2695313  0.109375  44  42
109  0.3554688  0.109375  39  42
78  0.4316406  0.109375  37  43
110  0.5039063  0.109375  26  42
79  0.5546875  0.109375  33  43
111  0.6191406  0.109375  22  43
80  0.6621094  0.109375  26  42
112  0.7128906  0.109375  24  52
81  0.7597656  0.109375  33  51
113  0.8242188  0.109375  24  52
82  0.8710938  0.109375  34  42
114  0.9375  0.109375  18  42
83  0  0.21875  23  43
115  0.04492188  0.21875  17  43
84  0.078125  0.21875  29  42
116  0.1347656  0.21875  15  42
85  0.1640625  0.21875  36  43
117  0.234375  0.21875  26  43
86  0.2851563  0.21875  36  43
118  0.3554688  0.21875  26  43
87  0.40625  0.21875  46  43
119  0.4960938  0.21875  36  43
88  0.5664063  0.21875  36  42
120  0.6367188  0.21875  25  42
89  0.6855469  0.21875  36  42
121  0.7558594  0.21875  26  52
90  0.8066406  0.21875  30  42
122  0.8652344  0.21875  22  42
33  0.9082031  0.21875  8  43
63  0  0.328125  20  43
34  0.0390625  0.328125  16  22
35  0.0703125  0.328125  24  42
64  0.1171875  0.328125  43  54
44  0.2011719  0.328125  10  50
46  0.2207031  0.328125  8  43
59  0.2363281  0.328125  10  50
58  0.2558594  0.328125  8  43
39  0.2714844  0.328125  7  22
49  0.2851563  0.328125  14  42
50  0.3125  0.328125  23  42
51  0.3574219  0.328125  20  42
52  0.3964844  0.328125  23  42
53  0.4414063  0.328125  21  42
54  0.4824219  0.328125  22  42
55  0.5253906  0.328125  22  42
56  0.5683594  0.328125  20  42
57  0.6074219  0.328125  22  42
48  0.6503906  0.328125  22  42
61  0.6933594  0.328125  27  31
43  0.7460938  0.328125  27  39
45  0.7988281  0.328125  14  33
42  0.8261719  0.328125  20  27
47  0.8652344  0.328125  15  43
92  0.8945313  0.328125  15  43
40  0.9238281  0.328125  15  53
41  0  0.4375  15  53
91  0.02929688  0.4375  13  52
93  0.0546875  0.4375  13  52
123  0.08007813  0.4375  15  53
125  0.109375  0.4375  16  53
60  0.140625  0.4375  27  38
62  0.1933594  0.4375  27  38
94  0.2460938  0.4375  22  27
95  0.2890625  0.4375  28  52
13  0.34375  0.4375  -12  0
10  0.3203125  0.4375  -12  0
